float fc1_weights[32][7] = {
    -0.104858, -0.123864, -0.001554, 0.620267, -0.009834, 0.177209, 0.031167, 
    0.005612, 0.000695, 0.039833, -0.018026, 0.016722, -0.014896, 0.036163, 
    0.011544, 0.007662, 0.014502, 0.007231, 0.010237, 0.009216, 0.018070, 
    0.061460, 0.113394, -0.080338, 0.035177, 0.049784, 0.106174, -0.009038, 
    0.109729, 0.153214, 0.184257, 0.053040, -0.133249, -0.150485, -0.362986, 
    -0.015656, -0.041196, 0.042205, 0.028075, -0.015206, 0.000787, 0.013852, 
    -0.000004, -0.000007, -0.000396, -0.000727, -0.001645, -0.000502, -0.000000, 
    -0.005037, -0.015627, 0.017198, 0.008714, 0.014321, 0.002860, 0.049757, 
    0.002102, -0.000903, 0.005672, -0.001117, 0.000485, -0.001178, 0.008200, 
    -0.000000, -0.000000, -0.000703, -0.000322, -0.000002, -0.000237, -0.000000, 
    -0.010331, -0.007238, 0.035321, -0.007526, -0.033302, 0.003163, -0.048896, 
    0.027280, 0.032710, -0.000994, 0.019926, 0.011330, 0.014243, -0.000520, 
    -0.018727, -0.052807, -0.011472, 0.178513, -0.093208, -0.161899, 0.137369, 
    0.089340, 0.112959, 0.123972, 0.001769, 0.694042, -0.005022, -0.046885, 
    -0.008313, -0.006608, 0.010882, 0.003374, 0.002260, 0.008050, 0.022038, 
    0.003520, 0.007169, -0.007474, -0.002049, 0.003129, -0.001743, 0.002403, 
    0.316736, 0.348680, -0.038958, -0.153091, 0.025018, 0.106855, 0.137248, 
    -0.000004, -0.000007, -0.000528, 0.001979, -0.000169, -0.003079, 0.000022, 
    -0.022922, -0.055883, -0.046317, 0.191798, -0.027772, -0.151796, 0.153580, 
    -0.005825, -0.003242, 0.043664, 0.002620, -0.048284, -0.002690, -0.028670, 
    -0.002322, -0.001841, 0.014474, 0.008056, 0.026189, 0.022208, 0.033231, 
    -0.008482, -0.024490, 0.044012, 0.014096, 0.001884, 0.006652, 0.026858, 
    -0.014453, -0.007183, 0.050429, -0.029334, -0.058805, 0.021303, -0.082951, 
    0.016222, 0.018320, -0.008170, 0.009597, -0.006853, -0.003229, -0.013354, 
    -0.010201, -0.010528, 0.003611, -0.002441, 0.020416, 0.011324, 0.011469, 
    -0.014760, -0.014059, 0.015483, -0.000536, -0.011592, 0.006490, -0.036376, 
    -0.001009, -0.000708, -0.008214, -0.003166, 0.000004, 0.000993, -0.000257, 
    -0.004757, -0.008722, 0.022532, 0.012436, 0.030209, 0.016021, 0.021925, 
    0.012250, 0.036875, -0.150399, 0.196316, -0.081841, 0.082141, 0.014501, 
    -0.011766, -0.012216, 0.028634, -0.004720, -0.005532, -0.001413, 0.008792, 
    -0.015521, -0.018534, 0.012369, -0.004296, 0.003425, -0.002823, 0.008799, 
    0.014399, 0.013803, 0.021125, 0.039974, 0.042427, 0.034811, 0.019452, 
};
float fc1_biases[32][1] = {
    -0.019369, 
    -0.003777, 
    -0.000549, 
    -0.000230, 
    0.455008, 
    0.078788, 
    0.013305, 
    0.019488, 
    0.000276, 
    0.020393, 
    0.048138, 
    0.001454, 
    0.104911, 
    0.002352, 
    -0.008856, 
    0.106705, 
    1.067672, 
    0.037120, 
    0.088933, 
    0.069982, 
    0.038378, 
    0.066596, 
    0.128273, 
    0.024849, 
    -0.008383, 
    0.013396, 
    0.007399, 
    0.003305, 
    0.044536, 
    0.020007, 
    -0.009041, 
    0.001494, 
};
float fc2_weights[32][32] = {
    -0.022479, -0.001715, 0.000443, -0.005003, 0.065208, 0.014197, 0.000106, 0.003914, -0.000649, 0.000222, 0.003524, -0.013280, 0.017057, -0.014222, 0.004301, 0.007897, 0.123661, 0.000724, 0.005396, 0.007738, 0.006457, 0.008182, 0.013198, 0.001337, -0.006991, -0.001084, 0.000394, -0.000621, 0.004498, -0.000527, -0.000837, -0.006206, 
    0.177730, -0.006226, 0.001016, 0.050629, 0.101097, -0.055393, -0.001849, -0.021804, -0.004812, 0.000000, -0.021199, 0.012717, -0.085272, 0.209137, -0.008428, 0.007822, -0.091951, 0.000084, -0.067692, -0.024970, -0.019882, -0.030981, -0.039840, -0.003595, -0.001079, -0.005550, 0.004462, -0.019926, 0.143697, -0.008932, -0.006551, -0.001435, 
    0.021282, -0.013495, -0.001148, 0.012055, 0.013347, 0.026931, 0.000206, 0.015536, 0.004170, 0.000099, 0.018757, -0.014833, 0.027028, 0.013001, 0.009603, 0.004002, 0.067671, 0.000249, 0.028664, 0.019754, 0.014631, 0.022421, 0.029658, 0.007274, -0.003412, -0.002097, -0.002176, 0.012297, 0.014684, 0.003441, 0.000466, 0.002592, 
    0.005862, 0.019876, -0.001077, -0.006809, 0.093610, 0.036740, 0.002525, 0.022706, 0.004571, 0.000215, 0.037709, -0.014636, 0.074214, 0.000103, 0.009213, 0.009901, 0.089309, 0.000903, 0.065854, 0.026821, 0.021536, 0.029416, 0.046221, 0.013434, -0.000056, 0.004990, -0.003680, 0.017478, 0.025234, 0.008632, 0.005769, 0.001879, 
    0.172371, -0.009225, 0.000990, 0.046896, 0.004576, -0.047473, -0.000293, -0.017448, -0.004666, 0.000000, -0.017380, 0.008414, -0.039095, 0.093874, -0.013107, 0.000456, -0.013853, -0.000027, -0.032013, -0.019311, -0.021523, -0.026126, -0.020478, -0.010772, 0.005536, 0.002601, 0.003573, -0.015819, 0.107276, -0.002927, -0.001729, -0.012528, 
    -0.015430, 0.018277, -0.001906, -0.034167, 0.196331, -0.001190, 0.000043, 0.012561, 0.004766, 0.000075, -0.000513, 0.009516, 0.062936, -0.039589, 0.002244, 0.003301, 0.013740, 0.000213, 0.064227, 0.017254, 0.002394, -0.008754, 0.008278, -0.002380, -0.005221, -0.004773, 0.000171, 0.001995, 0.025813, 0.003908, 0.004824, 0.012831, 
    0.152119, -0.007920, 0.001014, 0.044546, 0.052953, -0.053693, -0.001176, -0.020744, -0.004767, -0.000000, -0.019706, 0.011529, -0.065554, 0.150368, -0.010872, 0.003755, -0.055871, 0.000001, -0.049136, -0.023226, -0.019788, -0.029962, -0.031848, -0.006316, 0.000280, -0.002504, 0.003706, -0.019135, 0.120984, -0.007244, -0.005477, -0.005487, 
    -0.062598, -0.034414, -0.003564, -0.038240, 0.295483, 0.025964, 0.001537, 0.015558, 0.005759, 0.004241, 0.041181, -0.005731, 0.031661, 0.049676, -0.012279, 0.049513, 0.626552, 0.015704, 0.041776, 0.057299, 0.031617, 0.021425, 0.079613, 0.007943, -0.006557, 0.009771, 0.010315, 0.018075, -0.101843, 0.009994, -0.005253, 0.008386, 
    -0.091760, -0.036309, -0.031747, -0.053595, 0.265114, 0.034499, 0.001652, 0.011557, 0.006102, 0.004457, 0.041813, -0.013050, -0.009982, 0.103889, -0.009978, 0.054641, 0.651244, 0.017627, 0.016731, 0.048517, 0.030197, 0.013118, 0.092070, 0.018403, -0.008654, 0.014111, 0.010320, 0.015729, -0.092174, 0.004503, -0.009064, 0.006333, 
    -0.030670, -0.002659, -0.000404, -0.035519, 0.128392, 0.021803, 0.000186, 0.000200, -0.002829, 0.000569, 0.006589, -0.017457, 0.047510, -0.016439, -0.003952, 0.017125, 0.196435, 0.002084, 0.023616, 0.013658, 0.008302, 0.003866, 0.023520, 0.003711, -0.009388, -0.005840, 0.001895, -0.000345, -0.021100, -0.005916, -0.006344, -0.002951, 
    -0.003793, 0.004353, -0.001091, -0.010540, 0.133421, 0.034408, 0.002134, 0.024364, 0.004449, 0.000567, 0.034922, -0.013903, 0.085856, -0.002780, 0.009741, 0.016584, 0.187758, 0.002005, 0.078593, 0.033366, 0.021858, 0.030564, 0.065544, 0.008766, -0.003604, 0.004055, -0.003507, 0.015618, 0.008324, 0.009963, 0.004061, 0.005482, 
    0.313178, -0.008214, -0.001161, 0.109846, -0.163715, 0.030012, 0.000260, 0.012645, 0.004725, -0.000000, -0.020780, -0.015390, 0.016184, 0.216399, 0.006026, -0.000477, 0.093360, -0.000084, 0.004789, -0.018015, 0.003361, 0.026976, -0.013844, -0.001926, 0.020182, 0.005168, -0.001810, 0.025541, 0.096735, 0.004875, 0.015942, -0.009319, 
    -0.015190, 0.013948, 0.002033, -0.068687, 0.237559, 0.037903, 0.000191, 0.046840, 0.001837, 0.000670, 0.020579, 0.019713, 0.086869, -0.056918, 0.021056, 0.011897, 0.173115, 0.001837, 0.087929, 0.028068, 0.021040, -0.006665, 0.022732, -0.011238, -0.008137, -0.003387, 0.002104, -0.023254, 0.027579, 0.008015, 0.015667, 0.022595, 
    -0.113370, -0.000355, -0.028917, -0.048174, 0.064465, 0.032187, 0.001159, -0.007340, -0.001845, 0.002986, 0.008478, -0.012155, 0.016974, -0.116699, -0.014956, 0.043869, 0.695975, 0.009695, 0.014833, 0.011610, -0.017641, 0.042000, 0.060266, 0.007465, -0.038457, -0.011765, -0.006910, -0.037043, 0.109612, 0.002044, -0.021228, -0.049483, 
    -0.023862, -0.000528, -0.003669, -0.020257, 0.070188, 0.038126, 0.000233, 0.009958, 0.005053, 0.000750, 0.027356, -0.024182, 0.055377, 0.011826, -0.003501, 0.017566, 0.243446, 0.002400, 0.031881, 0.027420, 0.011632, 0.017624, 0.059170, 0.001456, -0.012742, -0.002179, 0.002147, 0.001955, -0.038677, -0.002009, -0.007831, -0.006024, 
    -0.000571, 0.005482, 0.012455, -0.028832, 0.143675, 0.058630, 0.002054, 0.024275, 0.004119, 0.000659, 0.036540, -0.014845, 0.085873, -0.021583, 0.009740, 0.017831, 0.187076, 0.002255, 0.078401, 0.034763, 0.021641, 0.030916, 0.066555, 0.005875, -0.005032, 0.003866, -0.003584, 0.014903, 0.009095, 0.010116, 0.003816, 0.005266, 
    -0.020096, -0.004170, -0.002865, -0.067438, 0.259068, 0.051290, 0.001030, 0.017703, 0.006843, 0.003164, 0.056568, -0.021319, 0.140564, -0.032813, -0.008795, 0.035883, 0.503562, 0.010150, 0.116225, 0.049292, 0.022075, 0.024806, 0.107079, 0.009449, -0.007819, 0.006768, 0.009795, 0.008643, -0.096487, 0.006538, -0.002716, -0.002663, 
    0.066720, 0.044026, -0.001066, 0.029615, 0.043273, 0.084102, 0.001344, 0.021057, 0.004633, -0.000006, 0.029024, -0.014212, 0.078181, 0.089228, 0.009145, -0.001233, -0.011475, -0.000027, 0.066479, 0.066496, 0.018276, 0.075436, 0.006214, 0.014751, 0.004688, 0.005987, -0.003756, 0.019853, 0.003666, 0.005325, 0.007138, -0.008642, 
    -0.012496, 0.012054, 0.000447, -0.026893, 0.095786, 0.045694, 0.000159, 0.019959, 0.005063, 0.000424, 0.029626, -0.006809, 0.056676, 0.012203, 0.009324, 0.014912, 0.200139, 0.001493, 0.044232, 0.034459, 0.022675, 0.022465, 0.048294, 0.006727, -0.000751, 0.005980, 0.000741, 0.014568, -0.038390, 0.003446, -0.000296, 0.008770, 
    0.017797, -0.011949, 0.002434, -0.010168, 0.069601, -0.045179, 0.000186, -0.024426, 0.001037, 0.000084, -0.006293, 0.007346, -0.003306, -0.036798, -0.017413, 0.003386, 0.044234, 0.000202, -0.012539, -0.002930, -0.002758, -0.018548, 0.006523, -0.000926, -0.001699, 0.003321, 0.001244, -0.013456, 0.038635, -0.010959, -0.006384, 0.004778, 
    -0.078401, -0.000406, -0.028655, 0.040607, 0.034204, 0.006193, 0.006151, -0.014810, 0.002790, 0.003761, 0.008871, -0.003037, 0.017992, -0.206163, -0.022838, 0.059896, 0.936738, 0.016939, 0.016457, 0.012672, -0.003299, 0.034416, 0.044881, 0.015935, -0.020513, 0.021194, -0.009429, -0.019873, 0.181208, 0.005191, -0.020759, -0.039834, 
    -0.004522, -0.000426, -0.005385, -0.089910, 0.496725, -0.044027, 0.003798, -0.002318, -0.005086, 0.001991, 0.072622, 0.011486, 0.017779, -0.047065, 0.001850, 0.031101, 0.311305, 0.007449, 0.027464, 0.059608, 0.032951, 0.047584, 0.084433, -0.001255, -0.001545, 0.025786, 0.003740, -0.008079, 0.037567, 0.005532, -0.004228, 0.012682, 
    -0.000000, -0.000000, -0.000000, 0.000000, 0.000000, 0.000000, 0.000000, 0.000000, -0.000000, 0.000000, 0.000000, 0.000000, -0.000000, 0.000000, 0.000000, 0.000000, -0.000000, 0.000000, -0.000000, -0.000000, 0.000000, 0.000000, -0.000000, -0.000000, 0.000000, -0.000000, 0.000000, 0.000000, 0.000000, -0.000000, -0.000000, 0.000000, 
    0.039589, 0.021656, 0.001028, 0.031823, 0.091646, 0.053591, 0.001016, -0.018323, -0.004822, 0.000198, 0.004042, 0.009949, -0.044338, 0.082939, -0.010022, 0.007324, 0.095944, 0.000845, -0.036532, 0.002693, -0.015703, -0.028012, 0.003718, 0.007186, -0.004142, -0.007217, 0.003710, -0.023145, 0.034133, -0.004963, -0.010662, 0.008102, 
    -0.038997, 0.004373, 0.007548, -0.028305, 0.188030, -0.004572, 0.000293, 0.000982, -0.004359, 0.001020, 0.024375, 0.005644, 0.056909, -0.028800, -0.009566, 0.023346, 0.262948, 0.003440, 0.029913, 0.021990, 0.008207, 0.012905, 0.044374, 0.002387, -0.012302, -0.003233, 0.003495, -0.002589, 0.008991, -0.004088, -0.005883, -0.010312, 
    -0.118445, -0.000368, -0.035311, -0.047076, 0.064866, 0.023845, 0.001251, -0.006972, -0.001952, 0.003181, 0.008983, -0.008098, 0.017564, -0.108610, -0.014734, 0.046842, 0.694045, 0.009972, 0.015437, 0.012164, -0.015446, 0.042233, 0.059878, 0.008368, -0.038131, -0.011256, -0.007424, -0.036844, 0.114954, 0.002048, -0.020429, -0.050125, 
    -0.036861, 0.004492, -0.000986, -0.027846, 0.119256, 0.019912, 0.000207, 0.001163, -0.001906, 0.000665, 0.013017, -0.009685, 0.037434, -0.004259, -0.000760, 0.019219, 0.182074, 0.001917, 0.027507, 0.024445, 0.008439, -0.002304, 0.024934, 0.004027, -0.014402, -0.003606, 0.001875, -0.000470, -0.003567, -0.004554, -0.007388, -0.005000, 
    -0.002079, 0.008243, -0.001198, 0.006247, 0.015125, 0.018914, 0.000046, 0.015725, 0.009159, 0.000076, 0.011548, 0.013312, 0.008834, 0.012351, 0.011973, 0.001841, 0.056609, 0.000168, 0.011032, 0.015513, 0.019699, 0.019940, 0.019174, 0.010226, 0.012443, 0.009998, 0.000271, 0.015110, 0.018239, 0.013927, 0.007146, 0.010560, 
    -0.069752, -0.032761, -0.003682, -0.039222, 0.302215, 0.025401, 0.001855, 0.017406, 0.005789, 0.004854, 0.045646, -0.003134, 0.041116, 0.059958, -0.012645, 0.055398, 0.686003, 0.019028, 0.047624, 0.062378, 0.037311, 0.026679, 0.086950, 0.006991, -0.006410, 0.010119, 0.010790, 0.015000, -0.101817, 0.015122, -0.001676, 0.009409, 
    0.010301, -0.000137, 0.001008, 0.014190, 0.015988, -0.008953, -0.000017, -0.013614, 0.007419, 0.000000, -0.000056, -0.001058, -0.006716, -0.013516, -0.012175, -0.000010, 0.004048, 0.000004, -0.014988, -0.002133, 0.005290, 0.001556, 0.006348, -0.008560, 0.005219, 0.023198, 0.000469, 0.003030, 0.023853, 0.001665, 0.008044, -0.003460, 
    0.092136, 0.002146, -0.000265, -0.036137, -0.496151, 0.055633, 0.003505, 0.021806, -0.009171, -0.000000, 0.022794, -0.035965, 0.270052, -0.181993, 0.013074, -0.021390, 0.029168, -0.001499, 0.361667, 0.034069, 0.034315, 0.034775, 0.053472, -0.015710, 0.002637, 0.018338, -0.001580, -0.014373, 0.129838, 0.048726, 0.000489, -0.042050, 
    -0.000000, 0.000000, -0.000000, -0.000000, -0.000000, -0.000000, -0.000000, -0.000000, 0.000000, -0.000000, -0.000000, -0.000000, -0.000000, -0.000000, -0.000000, -0.000000, -0.000000, -0.000000, 0.000000, -0.000000, -0.000000, 0.000000, 0.000000, 0.000000, -0.000000, -0.000000, -0.000000, -0.000000, -0.000000, -0.000000, 0.000000, -0.000000, 
};
float fc2_biases[32][1] = {
    0.044514, 
    0.033810, 
    0.033256, 
    0.046569, 
    0.016725, 
    0.021098, 
    0.025991, 
    0.197998, 
    0.196842, 
    0.072750, 
    0.084757, 
    -0.050153, 
    0.092176, 
    0.238701, 
    0.095168, 
    0.089417, 
    0.205455, 
    -0.017097, 
    0.062476, 
    0.054716, 
    0.325133, 
    0.233053, 
    -0.000000, 
    0.114096, 
    0.089317, 
    0.256084, 
    0.057630, 
    0.022847, 
    0.220649, 
    0.009312, 
    -0.100057, 
    -0.000000, 
};
float fc3_weights[6][32] = {
    0.127875, -0.068068, 0.079406, 0.111721, -0.059169, 0.045705, -0.055768, 0.463939, 0.483311, 0.181107, 0.191037, -0.128895, 0.159115, 0.540896, 0.216045, 0.198724, 0.391275, -0.007897, 0.172521, 0.071218, 0.651612, 0.393873, -0.000000, 0.145827, 0.234451, 0.555103, 0.190633, 0.057291, 0.505326, 0.001947, -0.043899, -0.000000, 
    -0.025089, 0.252534, -0.014344, -0.066812, 0.238901, -0.080619, 0.213020, -0.276709, -0.277681, -0.072811, -0.048214, 0.434442, -0.153552, 0.211887, -0.058407, -0.059923, -0.213395, -0.069654, -0.040387, 0.025415, 0.372824, 0.072958, -0.000000, 0.066360, -0.090058, 0.199065, -0.079316, -0.028344, -0.312163, 0.017884, -0.464171, 0.000000, 
    -0.002538, 0.007989, 0.000165, -0.001015, 0.006566, -0.001297, 0.006517, -0.024442, -0.024410, -0.005625, -0.004275, 0.013361, -0.006145, -0.025740, -0.006394, -0.004752, -0.020726, 0.004012, -0.004113, -0.001110, -0.032632, -0.017811, 0.000000, -0.000366, -0.008838, -0.026162, -0.004685, -0.000244, -0.026842, 0.000128, 0.002630, 0.000000, 
    -0.002538, 0.007989, 0.000165, -0.001015, 0.006566, -0.001297, 0.006517, -0.024442, -0.024410, -0.005625, -0.004275, 0.013361, -0.006145, -0.025739, -0.006394, -0.004752, -0.020725, 0.004012, -0.004112, -0.001110, -0.032634, -0.017811, 0.000000, -0.000366, -0.008838, -0.026162, -0.004685, -0.000244, -0.026842, 0.000128, 0.002630, 0.000000, 
    -0.007342, 0.007989, -0.004453, -0.005269, 0.006566, -0.006147, 0.006517, -0.021452, -0.021810, -0.009105, -0.007708, 0.013359, -0.009414, -0.025122, -0.009457, -0.007897, -0.017881, 0.002409, -0.008517, -0.006247, -0.028814, -0.016059, 0.000000, -0.004117, -0.010593, -0.025411, -0.008530, -0.006200, -0.023308, 0.000058, 0.002630, 0.000000, 
    0.007288, 0.052113, 0.024795, 0.045330, 0.175945, 0.042398, 0.081559, 0.103119, 0.098002, 0.008666, 0.034510, 0.512923, 0.060395, -0.219432, 0.033413, 0.016966, 0.075065, 0.075344, 0.018920, -0.043837, -0.421638, -0.171822, 0.000000, -0.081949, 0.025849, -0.221748, -0.012863, 0.000461, 0.124479, -0.016880, 0.467665, -0.000000, 
};
float fc3_biases[6][1] = {
    0.209634, 
    -0.022520, 
    -0.026036, 
    -0.026036, 
    -0.022276, 
    -0.150230, 
};
